+-------------------------------------------------------------------------------------------------------------------------------------------------------------------------------------------------------------------------------------------+
; Legal Partition Candidates                                                                                                                                                                                                                ;
+--------------------------------------+-------+----------------+--------------+----------------+--------+-----------------+---------------+-----------------+-------+----------------+--------------+------------------+-------------------+
; Hierarchy                            ; Input ; Constant Input ; Unused Input ; Floating Input ; Output ; Constant Output ; Unused Output ; Floating Output ; Bidir ; Constant Bidir ; Unused Bidir ; Input only Bidir ; Output only Bidir ;
+--------------------------------------+-------+----------------+--------------+----------------+--------+-----------------+---------------+-----------------+-------+----------------+--------------+------------------+-------------------+
; vt0|ps20                             ; 69    ; 27             ; 15           ; 27             ; 27     ; 27              ; 27            ; 27              ; 0     ; 0              ; 0            ; 0                ; 0                 ;
; vt0|vgacr0                           ; 64    ; 18             ; 0            ; 18             ; 101    ; 18              ; 18            ; 18              ; 0     ; 0              ; 0            ; 0                ; 0                 ;
; vt0|vga0|font                        ; 17    ; 0              ; 1            ; 0              ; 1      ; 0               ; 0             ; 0               ; 0     ; 0              ; 0            ; 0                ; 0                 ;
; vt0|vga0                             ; 152   ; 22             ; 9            ; 22             ; 21     ; 22              ; 22            ; 22              ; 0     ; 0              ; 0            ; 0                ; 0                 ;
; vt0|vtbr0                            ; 57    ; 18             ; 2            ; 18             ; 17     ; 18              ; 18            ; 18              ; 0     ; 0              ; 0            ; 0                ; 0                 ;
; vt0|kl0                              ; 100   ; 39             ; 8            ; 39             ; 29     ; 39              ; 39            ; 39              ; 0     ; 0              ; 0            ; 0                ; 0                 ;
; vt0|cr0                              ; 94    ; 36             ; 0            ; 36             ; 68     ; 36              ; 36            ; 36              ; 0     ; 0              ; 0            ; 0                ; 0                 ;
; vt0|mmu0                             ; 197   ; 145            ; 12           ; 145            ; 167    ; 145             ; 145           ; 145             ; 0     ; 0              ; 0            ; 0                ; 0                 ;
; vt0|cpu0|fpuregs0                    ; 73    ; 0              ; 0            ; 0              ; 64     ; 0               ; 0             ; 0               ; 0     ; 0              ; 0            ; 0                ; 0                 ;
; vt0|cpu0|cpuregs0                    ; 31    ; 0              ; 0            ; 0              ; 32     ; 0               ; 0             ; 0               ; 0     ; 0              ; 0            ; 0                ; 0                 ;
; vt0|cpu0                             ; 186   ; 174            ; 17           ; 174            ; 178    ; 174             ; 174           ; 174             ; 0     ; 0              ; 0            ; 0                ; 0                 ;
; vt0                                  ; 53    ; 76             ; 0            ; 76             ; 34     ; 76              ; 76            ; 76              ; 0     ; 0              ; 0            ; 0                ; 0                 ;
; pdp11|mncdo0                         ; 70    ; 27             ; 1            ; 27             ; 45     ; 27              ; 27            ; 27              ; 0     ; 0              ; 0            ; 0                ; 0                 ;
; pdp11|mncdi0                         ; 86    ; 27             ; 1            ; 27             ; 30     ; 27              ; 27            ; 27              ; 0     ; 0              ; 0            ; 0                ; 0                 ;
; pdp11|mncaa0                         ; 59    ; 18             ; 5            ; 18             ; 65     ; 18              ; 18            ; 18              ; 0     ; 0              ; 0            ; 0                ; 0                 ;
; pdp11|mnckw1                         ; 71    ; 32             ; 0            ; 32             ; 30     ; 32              ; 32            ; 32              ; 0     ; 0              ; 0            ; 0                ; 0                 ;
; pdp11|mnckw0                         ; 71    ; 27             ; 0            ; 27             ; 30     ; 27              ; 27            ; 27              ; 0     ; 0              ; 0            ; 0                ; 0                 ;
; pdp11|mncad0                         ; 85    ; 27             ; 2            ; 27             ; 34     ; 27              ; 27            ; 27              ; 0     ; 0              ; 0            ; 0                ; 0                 ;
; pdp11|dr11c0                         ; 104   ; 26             ; 19           ; 26             ; 50     ; 26              ; 26            ; 26              ; 0     ; 0              ; 0            ; 0                ; 0                 ;
; pdp11|xu0|xubm0                      ; 94    ; 18             ; 2            ; 18             ; 91     ; 18              ; 18            ; 18              ; 0     ; 0              ; 0            ; 0                ; 0                 ;
; pdp11|xu0|xubl0                      ; 77    ; 18             ; 4            ; 18             ; 57     ; 18              ; 18            ; 18              ; 0     ; 0              ; 0            ; 0                ; 0                 ;
; pdp11|xu0|xubr0                      ; 57    ; 18             ; 2            ; 18             ; 17     ; 18              ; 18            ; 18              ; 0     ; 0              ; 0            ; 0                ; 0                 ;
; pdp11|xu0|kw0                        ; 79    ; 38             ; 14           ; 38             ; 27     ; 38              ; 38            ; 38              ; 0     ; 0              ; 0            ; 0                ; 0                 ;
; pdp11|xu0|kl0                        ; 100   ; 71             ; 8            ; 71             ; 29     ; 71              ; 71            ; 71              ; 0     ; 0              ; 0            ; 0                ; 0                 ;
; pdp11|xu0|cr0                        ; 69    ; 11             ; 0            ; 11             ; 68     ; 11              ; 11            ; 11              ; 0     ; 0              ; 0            ; 0                ; 0                 ;
; pdp11|xu0|mmu0                       ; 170   ; 29             ; 12           ; 29             ; 131    ; 29              ; 29            ; 29              ; 0     ; 0              ; 0            ; 0                ; 0                 ;
; pdp11|xu0|cpu0|fpuregs0              ; 73    ; 0              ; 0            ; 0              ; 64     ; 0               ; 0             ; 0               ; 0     ; 0              ; 0            ; 0                ; 0                 ;
; pdp11|xu0|cpu0|cpuregs0              ; 31    ; 0              ; 0            ; 0              ; 32     ; 0               ; 0             ; 0               ; 0     ; 0              ; 0            ; 0                ; 0                 ;
; pdp11|xu0|cpu0                       ; 155   ; 76             ; 17           ; 76             ; 100    ; 76              ; 76            ; 76              ; 0     ; 0              ; 0            ; 0                ; 0                 ;
; pdp11|xu0                            ; 90    ; 29             ; 1            ; 29             ; 70     ; 29              ; 29            ; 29              ; 0     ; 0              ; 0            ; 0                ; 0                 ;
; pdp11|rh0|sd1                        ; 58    ; 0              ; 1            ; 0              ; 27     ; 0               ; 0             ; 0               ; 0     ; 0              ; 0            ; 0                ; 0                 ;
; pdp11|rh0                            ; 110   ; 27             ; 0            ; 27             ; 111    ; 27              ; 27            ; 27              ; 0     ; 0              ; 0            ; 0                ; 0                 ;
; pdp11|rk0|sd1                        ; 58    ; 3              ; 1            ; 3              ; 27     ; 3               ; 3             ; 3               ; 0     ; 0              ; 0            ; 0                ; 0                 ;
; pdp11|rk0                            ; 93    ; 27             ; 0            ; 27             ; 71     ; 27              ; 27            ; 27              ; 0     ; 0              ; 0            ; 0                ; 0                 ;
; pdp11|rl0|sd1                        ; 58    ; 5              ; 1            ; 5              ; 27     ; 5               ; 5             ; 5               ; 0     ; 0              ; 0            ; 0                ; 0                 ;
; pdp11|rl0                            ; 89    ; 27             ; 0            ; 27             ; 71     ; 27              ; 27            ; 27              ; 0     ; 0              ; 0            ; 0                ; 0                 ;
; pdp11|csdr0                          ; 74    ; 18             ; 1            ; 18             ; 33     ; 18              ; 18            ; 18              ; 0     ; 0              ; 0            ; 0                ; 0                 ;
; pdp11|kl3                            ; 100   ; 36             ; 9            ; 36             ; 29     ; 36              ; 36            ; 36              ; 0     ; 0              ; 0            ; 0                ; 0                 ;
; pdp11|kl2                            ; 100   ; 36             ; 9            ; 36             ; 29     ; 36              ; 36            ; 36              ; 0     ; 0              ; 0            ; 0                ; 0                 ;
; pdp11|kl1                            ; 100   ; 36             ; 9            ; 36             ; 29     ; 36              ; 36            ; 36              ; 0     ; 0              ; 0            ; 0                ; 0                 ;
; pdp11|kl0                            ; 100   ; 36             ; 9            ; 36             ; 29     ; 36              ; 36            ; 36              ; 0     ; 0              ; 0            ; 0                ; 0                 ;
; pdp11|kw0                            ; 79    ; 27             ; 14           ; 27             ; 27     ; 27              ; 27            ; 27              ; 0     ; 0              ; 0            ; 0                ; 0                 ;
; pdp11|bootrom1                       ; 38    ; 18             ; 2            ; 18             ; 17     ; 18              ; 18            ; 18              ; 0     ; 0              ; 0            ; 0                ; 0                 ;
; pdp11|bootrom0                       ; 38    ; 18             ; 2            ; 18             ; 17     ; 18              ; 18            ; 18              ; 0     ; 0              ; 0            ; 0                ; 0                 ;
; pdp11|cr0                            ; 94    ; 3              ; 0            ; 3              ; 68     ; 3               ; 3             ; 3               ; 0     ; 0              ; 0            ; 0                ; 0                 ;
; pdp11|mmu0                           ; 197   ; 24             ; 18           ; 24             ; 167    ; 24              ; 24            ; 24              ; 0     ; 0              ; 0            ; 0                ; 0                 ;
; pdp11|cpu0|fpuregs0                  ; 73    ; 0              ; 0            ; 0              ; 64     ; 0               ; 0             ; 0               ; 0     ; 0              ; 0            ; 0                ; 0                 ;
; pdp11|cpu0|cpuregs0                  ; 31    ; 0              ; 0            ; 0              ; 32     ; 0               ; 0             ; 0               ; 0     ; 0              ; 0            ; 0                ; 0                 ;
; pdp11|cpu0                           ; 186   ; 4              ; 17           ; 4              ; 178    ; 4               ; 4             ; 4               ; 0     ; 0              ; 0            ; 0                ; 0                 ;
; pdp11                                ; 282   ; 514            ; 0            ; 514            ; 315    ; 514             ; 514           ; 514             ; 0     ; 0              ; 0            ; 0                ; 0                 ;
; pll0|altpll_component|auto_generated ; 2     ; 5              ; 1            ; 5              ; 6      ; 5               ; 5             ; 5               ; 0     ; 0              ; 0            ; 0                ; 0                 ;
; pll0                                 ; 1     ; 0              ; 0            ; 0              ; 1      ; 0               ; 0             ; 0               ; 0     ; 0              ; 0            ; 0                ; 0                 ;
+--------------------------------------+-------+----------------+--------------+----------------+--------+-----------------+---------------+-----------------+-------+----------------+--------------+------------------+-------------------+
