+-------------------------------------------------------------------------------------------------------------------------------------------------------------------------------------------------------------------------------------------------------+
; Legal Partition Candidates                                                                                                                                                                                                                            ;
+--------------------------------------------------+-------+----------------+--------------+----------------+--------+-----------------+---------------+-----------------+-------+----------------+--------------+------------------+-------------------+
; Hierarchy                                        ; Input ; Constant Input ; Unused Input ; Floating Input ; Output ; Constant Output ; Unused Output ; Floating Output ; Bidir ; Constant Bidir ; Unused Bidir ; Input only Bidir ; Output only Bidir ;
+--------------------------------------------------+-------+----------------+--------------+----------------+--------+-----------------+---------------+-----------------+-------+----------------+--------------+------------------+-------------------+
; \audio2:rightsd                                  ; 18    ; 0              ; 0            ; 0              ; 1      ; 0               ; 0             ; 0               ; 0     ; 0              ; 0            ; 0                ; 0                 ;
; \audio2:leftsd                                   ; 18    ; 0              ; 0            ; 0              ; 1      ; 0               ; 0             ; 0               ; 0     ; 0              ; 0            ; 0                ; 0                 ;
; tg68tst|myaudio|channel3                         ; 46    ; 21             ; 0            ; 21             ; 82     ; 21              ; 21            ; 21              ; 0     ; 0              ; 0            ; 0                ; 0                 ;
; tg68tst|myaudio|channel2                         ; 46    ; 21             ; 0            ; 21             ; 82     ; 21              ; 21            ; 21              ; 0     ; 0              ; 0            ; 0                ; 0                 ;
; tg68tst|myaudio|channel1                         ; 46    ; 21             ; 0            ; 21             ; 82     ; 21              ; 21            ; 21              ; 0     ; 0              ; 0            ; 0                ; 0                 ;
; tg68tst|myaudio|channel0                         ; 46    ; 21             ; 0            ; 21             ; 82     ; 21              ; 21            ; 21              ; 0     ; 0              ; 0            ; 0                ; 0                 ;
; tg68tst|myaudio|myclkdiv                         ; 2     ; 0              ; 0            ; 0              ; 1      ; 0               ; 0             ; 0               ; 0     ; 0              ; 0            ; 0                ; 0                 ;
; tg68tst|myaudio                                  ; 48    ; 23             ; 2            ; 23             ; 256    ; 23              ; 23            ; 23              ; 0     ; 0              ; 0            ; 0                ; 0                 ;
; tg68tst|myperipheral|mymouse                     ; 13    ; 2              ; 0            ; 2              ; 17     ; 2               ; 2             ; 2               ; 0     ; 0              ; 0            ; 0                ; 0                 ;
; tg68tst|myperipheral|mykeyboard                  ; 13    ; 2              ; 0            ; 2              ; 17     ; 2               ; 2             ; 2               ; 0     ; 0              ; 0            ; 0                ; 0                 ;
; tg68tst|myperipheral|mytimer                     ; 22    ; 0              ; 0            ; 0              ; 8      ; 0               ; 0             ; 0               ; 0     ; 0              ; 0            ; 0                ; 0                 ;
; tg68tst|myperipheral|myuart                      ; 28    ; 0              ; 0            ; 0              ; 13     ; 0               ; 0             ; 0               ; 0     ; 0              ; 0            ; 0                ; 0                 ;
; tg68tst|myperipheral|myspi                       ; 22    ; 0              ; 8            ; 0              ; 19     ; 0               ; 0             ; 0               ; 0     ; 0              ; 0            ; 0                ; 0                 ;
; tg68tst|myperipheral                             ; 40    ; 1              ; 2            ; 1              ; 47     ; 1               ; 1             ; 1               ; 32    ; 0              ; 0            ; 0                ; 0                 ;
; tg68tst|myvga|mychargen|mymessagerom             ; 41    ; 10             ; 0            ; 10             ; 16     ; 10              ; 10            ; 10              ; 0     ; 0              ; 0            ; 0                ; 0                 ;
; tg68tst|myvga|mychargen|mycharrom                ; 11    ; 0              ; 0            ; 0              ; 8      ; 0               ; 0             ; 0               ; 0     ; 0              ; 0            ; 0                ; 0                 ;
; tg68tst|myvga|mychargen                          ; 43    ; 0              ; 0            ; 0              ; 10     ; 0               ; 0             ; 0               ; 0     ; 0              ; 0            ; 0                ; 0                 ;
; tg68tst|myvga|myVgaMaster                        ; 78    ; 4              ; 0            ; 4              ; 29     ; 4               ; 4             ; 4               ; 0     ; 0              ; 0            ; 0                ; 0                 ;
; tg68tst|myvga                                    ; 52    ; 0              ; 0            ; 0              ; 148    ; 0               ; 0             ; 0               ; 0     ; 0              ; 0            ; 0                ; 0                 ;
; tg68tst|mydmacache|myDMACacheRAM                 ; 36    ; 0              ; 0            ; 0              ; 16     ; 0               ; 0             ; 0               ; 0     ; 0              ; 0            ; 0                ; 0                 ;
; tg68tst|mydmacache|\FIFOCounters:5:myfifocounter ; 4     ; 0              ; 0            ; 0              ; 2      ; 0               ; 0             ; 0               ; 0     ; 0              ; 0            ; 0                ; 0                 ;
; tg68tst|mydmacache|\FIFOCounters:4:myfifocounter ; 4     ; 0              ; 0            ; 0              ; 2      ; 0               ; 0             ; 0               ; 0     ; 0              ; 0            ; 0                ; 0                 ;
; tg68tst|mydmacache|\FIFOCounters:3:myfifocounter ; 4     ; 0              ; 0            ; 0              ; 2      ; 0               ; 0             ; 0               ; 0     ; 0              ; 0            ; 0                ; 0                 ;
; tg68tst|mydmacache|\FIFOCounters:2:myfifocounter ; 4     ; 0              ; 0            ; 0              ; 2      ; 0               ; 0             ; 0               ; 0     ; 0              ; 0            ; 0                ; 0                 ;
; tg68tst|mydmacache|\FIFOCounters:1:myfifocounter ; 4     ; 0              ; 0            ; 0              ; 2      ; 0               ; 0             ; 0               ; 0     ; 0              ; 0            ; 0                ; 0                 ;
; tg68tst|mydmacache|\FIFOCounters:0:myfifocounter ; 4     ; 0              ; 0            ; 0              ; 2      ; 0               ; 0             ; 0               ; 0     ; 0              ; 0            ; 0                ; 0                 ;
; tg68tst|mydmacache                               ; 327   ; 0              ; 0            ; 0              ; 88     ; 0               ; 0             ; 0               ; 0     ; 0              ; 0            ; 0                ; 0                 ;
; tg68tst|mysdram|mytwc|tagram                     ; 57    ; 5              ; 0            ; 5              ; 36     ; 5               ; 5             ; 5               ; 0     ; 0              ; 0            ; 0                ; 0                 ;
; tg68tst|mysdram|mytwc|dataram                    ; 61    ; 0              ; 0            ; 0              ; 36     ; 0               ; 0             ; 0               ; 0     ; 0              ; 0            ; 0                ; 0                 ;
; tg68tst|mysdram|mytwc                            ; 71    ; 17             ; 7            ; 17             ; 36     ; 17              ; 17            ; 17              ; 0     ; 0              ; 0            ; 0                ; 0                 ;
; tg68tst|mysdram                                  ; 124   ; 1              ; 42           ; 1              ; 58     ; 1               ; 1             ; 1               ; 16    ; 0              ; 0            ; 0                ; 0                 ;
; tg68tst|mybootrom                                ; 33    ; 1              ; 1            ; 1              ; 16     ; 1               ; 1             ; 1               ; 0     ; 0              ; 0            ; 0                ; 0                 ;
; tg68tst|myTG68|ALU                               ; 400   ; 9              ; 150          ; 9              ; 84     ; 9               ; 9             ; 9               ; 0     ; 0              ; 0            ; 0                ; 0                 ;
; tg68tst|myTG68                                   ; 25    ; 39             ; 0            ; 39             ; 90     ; 39              ; 39            ; 39              ; 0     ; 0              ; 0            ; 0                ; 0                 ;
; tg68tst|myint                                    ; 10    ; 2              ; 0            ; 2              ; 3      ; 2               ; 2             ; 2               ; 0     ; 0              ; 0            ; 0                ; 0                 ;
; tg68tst|ps2k_db                                  ; 2     ; 1              ; 0            ; 1              ; 1      ; 1               ; 1             ; 1               ; 0     ; 0              ; 0            ; 0                ; 0                 ;
; tg68tst|ps2m_db                                  ; 2     ; 1              ; 0            ; 1              ; 1      ; 1               ; 1             ; 1               ; 0     ; 0              ; 0            ; 0                ; 0                 ;
; tg68tst                                          ; 9     ; 17             ; 0            ; 17             ; 105    ; 17              ; 17            ; 17              ; 48    ; 0              ; 32           ; 0                ; 32                ;
; mydither                                         ; 28    ; 0              ; 0            ; 0              ; 6      ; 0               ; 0             ; 0               ; 0     ; 0              ; 0            ; 0                ; 0                 ;
; myw_reset|mydb2                                  ; 2     ; 0              ; 0            ; 0              ; 1      ; 0               ; 0             ; 0               ; 0     ; 0              ; 0            ; 0                ; 0                 ;
; myw_reset|mydb                                   ; 2     ; 0              ; 0            ; 0              ; 1      ; 0               ; 0             ; 0               ; 0     ; 0              ; 0            ; 0                ; 0                 ;
; myw_reset                                        ; 3     ; 0              ; 0            ; 0              ; 2      ; 0               ; 0             ; 0               ; 0     ; 0              ; 0            ; 0                ; 0                 ;
; myleds                                           ; 25    ; 8              ; 0            ; 8              ; 4      ; 8               ; 8             ; 8               ; 0     ; 0              ; 0            ; 0                ; 0                 ;
; mypll|altpll_component|auto_generated            ; 3     ; 0              ; 0            ; 0              ; 6      ; 0               ; 0             ; 0               ; 0     ; 0              ; 0            ; 0                ; 0                 ;
; mypll                                            ; 2     ; 1              ; 0            ; 1              ; 4      ; 1               ; 1             ; 1               ; 0     ; 0              ; 0            ; 0                ; 0                 ;
+--------------------------------------------------+-------+----------------+--------------+----------------+--------+-----------------+---------------+-----------------+-------+----------------+--------------+------------------+-------------------+
