7612 0000
7613 0000
7614 0000
7615 0000
7616 0000
7626 0000
7627 3212
7630 4260
7631 1300
7632 7750
7633 5237
7634 2212
7635 7040
7636 5227
7637 1212
7640 7640
7641 5230
7642 1214
7643 0274
7644 1341
7645 7510
7646 2226
7647 7750
7650 5626
7651 1214
7652 0256
7653 1257
7654 3213
7655 5230
7656 0070
7657 6201
7660 0000
7661 0000
7662 6031
7663 5262
7664 6036
7665 3214
7666 1214
7667 5660
7670 6011
7671 5270
7672 6016
7673 5265
7674 0300
7675 4343
7676 7041
7677 1215
7700 7402
7701 6032
7702 6014
7703 6214
7704 1257
7705 3213
7706 7604
7707 7700
7710 1353
7711 1352
7712 3261
7713 4226
7714 5313
7715 3215
7716 1213
7717 3336
7720 1214
7721 3376
7722 4260
7723 3355
7724 4226
7725 5275
7726 4343
7727 7420
7730 5336
7731 3216
7732 1376
7733 1355
7734 1215
7735 5315
7736 0000
7737 3616
7740 2216
7741 7600
7742 5332
7743 0000
7744 1376
7745 7106
7746 7006
7747 7006
7750 1355
7751 5743
7752 5262
7753 0006
7754 0000
7755 0000
7777 5301
